?([
[1318348020000,400.674,401.1,400.65,401.07],
[1318348080000,401,401.32,400.92,401.24],
[1318348140000,401.232,401.232,400.72,400.97],
[1318348200000,400.894,401.0797,400.85,401.06],
[1318348260000,401.051,401.32,400.94,401],
[1318348320000,401,401.21,400.96,401.04],
[1318348380000,401.04,401.18,400.68,400.77],
[1318348440000,400.79,400.89,400.59,400.81],
[1318348500000,400.79,400.9,400.3,400.32],
[1318348560000,400.34,400.52,400.22,400.42],
[1318348620000,400.42,400.49,399.66,399.7],
[1318348680000,399.74,400,399.32,399.4499],
[1318348740000,399.43,400.28,399.12,400.27],
[1318406400000,403.3,403.96,403,403.75],
[1318406460000,403.85,403.85,403.4,403.5],
[1318406520000,403.49,403.6,403.49,403.6],
[1318406580000,403.6,403.93,403.51,403.6],
[1318406640000,403.5,403.5,403.3,403.48],
[1318406700000,403.5,403.59,403.2,403.42],
[1318406760000,403.42,403.55,403.42,403.52],
[1318406820000,403.67,403.8,403.6,403.8],
[1318406880000,403.66,403.8,403.55,403.6],
[1318406940000,403.7,403.7,403.6,403.6],
[1318407000000,403.65,403.77,403.52,403.77],
[1318407060000,403.77,403.77,403.77,403.77],
[1318407120000,403.76,403.9,403.76,403.9],
[1318407180000,403.76,404,403.76,403.98],
[1318407240000,403.98,404,403.98,404],
[1318407300000,403.93,404.25,403.9,404.07],
[1318407360000,404.27,404.72,404.27,404.72],
[1318407420000,404.73,404.8,404.31,404.5],
[1318407480000,404.59,404.59,404.31,404.55],
[1318407540000,404.5,404.64,404.5,404.64],
[1318407600000,404.52,404.65,404.51,404.57],
[1318407660000,404.51,404.6,404.51,404.6],
[1318407720000,404.55,404.55,404.5,404.5],
[1318407780000,404.5,404.5,404.38,404.42],
[1318407840000,404.49,404.65,404.49,404.5],
[1318407900000,404.5,404.65,404.5,404.5],
[1318407960000,404.64,404.7,404.64,404.7],
[1318408020000,404.74,404.9,404.74,404.9],
[1318408080000,404.92,405,404.8,404.97],
[1318408140000,404.86,404.88,404.5,404.53],
[1318408200000,404.69,404.7,404.41,404.58],
[1318408260000,404.6,404.69,404.6,404.69],
[1318408320000,404.7,404.84,404.6,404.84],
[1318408380000,404.74,405,404.72,404.85],
[1318408440000,404.8,404.87,404.8,404.87],
[1318408500000,404.95,405,404.85,404.9],
[1318408560000,404.85,404.85,404.55,404.62],
[1318408620000,404.85,404.87,404.84,404.85],
[1318408680000,404.66,404.88,404.65,404.85],
[1318408740000,404.8,404.82,404.8,404.82],
[1318408800000,404.8,404.88,404.8,404.8],
[1318408860000,404.95,405.5,404.94,405.48],
[1318408920000,405.51,405.72,405.48,405.5],
[1318408980000,405.61,405.61,405.35,405.35],
[1318409040000,405.35,405.5,405.3,405.5],
[1318409100000,405.45,405.8,405.45,405.8],
[1318409160000,405.61,405.79,405.6,405.79],
[1318409220000,405.79,405.9,405.73,405.9],
[1318409280000,405.9,406.39,405.89,406.29],
[1318409340000,406.25,406.8,406.25,406.8],
[1318409400000,406.8,407,406.57,406.99],
[1318409460000,406.99,407.21,406.58,406.72],
[1318409520000,406.63,406.69,406.4,406.55],
[1318409580000,406.52,406.67,406.34,406.5],
[1318409640000,406.4,406.8,406.34,406.8],
[1318409700000,406.62,406.9,406.6,406.83],
[1318409760000,406.8,406.95,406.73,406.95],
[1318409820000,407,407.2,406.83,407.1],
[1318409880000,407.1,407.1,406.82,406.82],
[1318409940000,407.02,407.15,406.81,407.02],
[1318410000000,407.14,407.15,406.82,406.97],
[1318410060000,406.96,407.41,406.96,407.35],
[1318410120000,407.36,407.65,407.31,407.6],
[1318410180000,407.6,407.79,407.41,407.77],
[1318410240000,407.55,407.61,407.43,407.55],
[1318410300000,407.5,407.55,407.37,407.47],
[1318410360000,407.47,407.5,407.38,407.4],
[1318410420000,407.5,407.5,407.3,407.3],
[1318410480000,407.43,407.87,407.27,407.7],
[1318410540000,407.7,407.7,407.4,407.41],
[1318410600000,407.6,407.7,407.53,407.7],
[1318410660000,407.75,407.99,407.51,407.8],
[1318410720000,407.94,408,407.7,407.88],
[1318410780000,407.76,408.25,407.75,408.06],
[1318410840000,408.16,408.2,408.01,408.13],
[1318410900000,408.1,408.13,407.51,407.51],
[1318410960000,407.65,407.95,407.55,407.88],
[1318411020000,407.95,408.19,407.81,407.88],
[1318411080000,407.9,407.98,407.8,407.85],
[1318411140000,407.82,407.86,407.31,407.86],
[1318411200000,407.48,407.74,407.48,407.56],
[1318411260000,407.63,407.82,407.6,407.6],
[1318411320000,407.62,407.67,407.38,407.46],
[1318411380000,407.4,407.4,406.83,407.27],
[1318411440000,407.05,407.19,406.95,407],
[1318411500000,407.19,407.2,407.05,407.18],
[1318411560000,407.18,407.18,407,407.03],
[1318411620000,407.03,407.2,407,407],
[1318411680000,407.1,407.5,407.1,407.1],
[1318411740000,407.08,407.43,406.95,407.33],
[1318411800000,407.35,407.69,406.78,407.04],
[1318411860000,407.16,409.01,407.04,408.98],
[1318411920000,408.9888,408.9888,408.03,408.576],
[1318411980000,408.6399,409.06,408.29,408.78],
[1318412040000,408.7635,409.25,408.65,409.07],
[1318412100000,409.03,409.11,408.1,408.324],
[1318412160000,408.3213,408.84,408,408.63],
[1318412220000,408.64,408.74,408.2,408.23],
[1318412280000,408.231,408.5,407.809,408.24],
[1318412340000,408.26,408.45,407.88,408.01],
[1318412400000,408.06,408.335,407.84,407.85],
[1318412460000,407.85,408.77,407.71,408.65],
[1318412520000,408.7,409.1,408.57,409],
[1318412580000,408.994,409.07,408.6012,409.07],
[1318412640000,409.07,409.25,408.38,408.53],
[1318412700000,408.51,408.83,407.84,407.93],
[1318412760000,408.08,408.18,407.51,407.55],
[1318412820000,407.574,407.93,407.35,407.88],
[1318412880000,407.91,408.15,407.45,407.57],
[1318412940000,407.5,407.64,407.01,407.01],
[1318413000000,407.01,407.49,406.7,407.39],
[1318413060000,407.34,408.2,407.11,407.861],
[1318413120000,408,408.14,407.48,407.7],
[1318413180000,407.51,408.29,407.51,408.03],
[1318413240000,407.985,408.65,407.95,408.516],
[1318413300000,408.6,408.73,408.372,408.51],
[1318413360000,408.488,408.72,408.32,408.56],
[1318413420000,408.63,408.9,408.06,408.46],
[1318413480000,408.5,408.77,408.381,408.76],
[1318413540000,408.79,408.92,408.5,408.68],
[1318413600000,408.6212,408.74,408.11,408.29],
[1318413660000,408.25,408.25,407.63,407.79],
[1318413720000,407.78,407.87,407.36,407.422],
[1318413780000,407.37,407.64,407,407.12],
[1318413840000,407.0612,407.69,407.06,407.58],
[1318413900000,407.68,407.78,407.28,407.3899],
[1318413960000,407.325,408,407.15,407.79],
[1318414020000,407.69,408.05,407.6,407.94],
[1318414080000,407.95,408.39,407.9,408.16],
[1318414140000,408.14,408.46,408.1,408.13],
[1318414200000,408.329,408.38,407.8,407.96],
[1318414260000,407.98,408.2099,407.892,408.19],
[1318414320000,408.07,408.18,407.71,408.08],
[1318414380000,408.16,408.31,408,408.02],
[1318414440000,408.052,408.12,407.8,407.95],
[1318414500000,407.99,408.29,407.84,407.96],
[1318414560000,407.98,407.98,407.5,407.73],
[1318414620000,407.72,407.8,407.47,407.605],
[1318414680000,407.61,408.08,407.51,407.93],
[1318414740000,407.918,407.94,406.25,406.82],
[1318414800000,406.8465,406.87,405.9,405.9],
[1318414860000,406.07,406.62,405.97,406.28],
[1318414920000,406.28,406.57,405.86,406.01],
[1318414980000,406.0012,406.33,405.6,405.69],
[1318415040000,405.7152,406.04,405.56,406.04],
[1318415100000,405.93,406.33,405.89,406.09],
[1318415160000,405.9965,406.66,405.9965,406.09],
[1318415220000,406.16,406.19,405.75,405.976],
[1318415280000,405.94,406,405.51,405.85],
[1318415340000,405.91,406.33,405.78,406],
[1318415400000,406,406.42,406,406.151],
[1318415460000,406.19,406.336,405.96,406.19],
[1318415520000,406.19,406.86,406.09,406.67],
[1318415580000,406.71,406.88,406.46,406.64],
[1318415640000,406.612,406.75,406.45,406.51],
[1318415700000,406.55,407.75,406.52,407.46],
[1318415760000,407.47,407.77,407.11,407.13],
[1318415820000,407.2,407.42,407.01,407.38],
[1318415880000,407.41,407.53,407.2,407.2],
[1318415940000,407.25,407.35,407.16,407.21],
[1318416000000,407.25,407.32,406.76,406.92],
[1318416060000,406.919,407,406.73,406.81],
[1318416120000,406.79,407.28,406.72,407.28],
[1318416180000,407.22,407.24,406.97,406.99],
[1318416240000,407.06,407.07,406.79,406.81],
[1318416300000,406.95,406.95,406.69,406.78],
[1318416360000,406.7892,406.84,406.6,406.82],
[1318416420000,406.798,407.1,406.68,407.0447],
[1318416480000,406.99,407.66,406.8,407.66],
[1318416540000,407.659,407.66,407.2,407.464],
[1318416600000,407.566,407.5725,407.15,407.15],
[1318416660000,407.14,407.33,406.901,407.05],
[1318416720000,406.987,407.16,406.82,406.82],
[1318416780000,406.7401,406.98,406.65,406.72],
[1318416840000,406.71,407,406.7,406.979],
[1318416900000,406.99,407.18,406.92,407.0301],
[1318416960000,407.0301,407.23,406.68,406.75],
[1318417020000,406.79,407,406.51,406.54],
[1318417080000,406.62,406.7,406.31,406.36],
[1318417140000,406.365,406.4888,406.25,406.28],
[1318417200000,406.29,406.82,406.26,406.59],
[1318417260000,406.67,406.71,406.38,406.5188],
[1318417320000,406.51,406.68,406.3001,406.6],
[1318417380000,406.55,406.73,406.43,406.67],
[1318417440000,406.71,406.94,406.44,406.82],
[1318417500000,406.86,406.99,406.66,406.99],
[1318417560000,407,407,406.71,406.71],
[1318417620000,406.7,407.07,406.69,407.05],
[1318417680000,407,407.35,406.98,407.112],
[1318417740000,407.14,407.62,407.11,407.61],
[1318417800000,407.62,407.66,407.4,407.48],
[1318417860000,407.436,407.71,407.4,407.709],
[1318417920000,407.71,407.81,407.51,407.59],
[1318417980000,407.5712,407.66,407.28,407.2942],
[1318418040000,407.33,407.47,407.31,407.417],
[1318418100000,407.45,407.6,407.312,407.431],
[1318418160000,407.5,407.54,407.28,407.46],
[1318418220000,407.47,407.47,407.1009,407.3],
[1318418280000,407.25,407.4,407.1103,407.29],
[1318418340000,407.26,407.4,407.13,407.13],
[1318418400000,407.2,407.39,407,407.32],
[1318418460000,407.3,407.5,407.3,407.44],
[1318418520000,407.4,407.96,407.35,407.9499],
[1318418580000,407.945,407.95,407.6,407.8],
[1318418640000,407.73,407.83,407.52,407.53],
[1318418700000,407.554,407.83,407.554,407.6],
[1318418760000,407.6,407.77,407.59,407.69],
[1318418820000,407.69,407.77,407.62,407.72],
[1318418880000,407.74,408.23,407.64,408.17],
[1318418940000,408.18,408.43,407.94,407.96],
[1318419000000,407.96,408.28,407.94,408.165],
[1318419060000,408.23,408.27,408.11,408.2505],
[1318419120000,408.2,408.41,408.131,408.26],
[1318419180000,408.33,408.33,408.04,408.13],
[1318419240000,408.13,408.28,407.83,407.8301],
[1318419300000,407.87,407.99,407.62,407.92],
[1318419360000,407.92,408.2,407.83,408.18],
[1318419420000,408.18,408.19,407.841,407.87],
[1318419480000,407.93,408.13,407.9112,408.0264],
[1318419540000,408,408.03,407.86,408],
[1318419600000,407.9912,408.06,407.86,408],
[1318419660000,408.06,408.2,407.9,407.9],
[1318419720000,407.9,408.04,407.75,407.85],
[1318419780000,407.81,408.01,407.81,407.91],
[1318419840000,407.94,408.15,407.87,408.15],
[1318419900000,408.1471,408.25,408.05,408.07],
[1318419960000,408.12,408.25,407.79,407.93],
[1318420020000,407.906,408.03,407.77,407.94],
[1318420080000,407.97,407.97,407.65,407.701],
[1318420140000,407.705,407.949,407.67,407.67],
[1318420200000,407.73,407.8,407.52,407.542],
[1318420260000,407.61,407.61,407.35,407.46],
[1318420320000,407.422,407.55,407.3601,407.55],
[1318420380000,407.5262,407.7,407.48,407.65],
[1318420440000,407.569,408,407.569,407.9],
[1318420500000,407.89,407.95,407.62,407.7],
[1318420560000,407.61,407.644,407.22,407.25],
[1318420620000,407.338,407.51,407.28,407.32],
[1318420680000,407.3385,407.42,407.229,407.2575],
[1318420740000,407.24,407.28,406.86,406.92],
[1318420800000,406.92,407.14,406.9,407.14],
[1318420860000,407.11,407.15,406.91,407.0011],
[1318420920000,407.1,407.259,407,407.14],
[1318420980000,407.1675,407.29,407.1112,407.29],
[1318421040000,407.21,407.28,407.05,407.17],
[1318421100000,407.16,407.16,406.65,406.685],
[1318421160000,406.72,406.7765,406.24,406.24],
[1318421220000,406.24,406.2688,406.05,406.1105],
[1318421280000,406.14,406.4,406.14,406.398],
[1318421340000,406.3697,406.38,405.9,406.16],
[1318421400000,406.16,406.57,406.06,406.55],
[1318421460000,406.56,406.59,406.17,406.21],
[1318421520000,406.22,406.44,405.89,406.44],
[1318421580000,406.428,406.428,405.9612,405.9612],
[1318421640000,406.04,406.24,405.71,406.2],
[1318421700000,406.16,406.16,405.81,406.068],
[1318421760000,406.1,406.34,405.91,405.91],
[1318421820000,405.95,405.99,405.84,405.94],
[1318421880000,405.94,406.1999,405.92,406.06],
[1318421940000,406,406.459,406,406.41],
[1318422000000,406.41,406.71,406.25,406.69],
[1318422060000,406.65,406.6888,406.44,406.44],
[1318422120000,406.401,406.54,406.31,406.54],
[1318422180000,406.58,406.7,406.4501,406.61],
[1318422240000,406.6835,406.82,406.61,406.72],
[1318422300000,406.73,406.82,406.55,406.56],
[1318422360000,406.55,406.63,406.27,406.59],
[1318422420000,406.55,406.7,406.48,406.607],
[1318422480000,406.59,406.75,406.44,406.5135],
[1318422540000,406.5064,406.72,406.42,406.47],
[1318422600000,406.52,406.64,406.3812,406.6],
[1318422660000,406.63,406.85,406.54,406.65],
[1318422720000,406.71,406.79,406.6105,406.79],
[1318422780000,406.83,406.93,406.5,406.5],
[1318422840000,406.5,406.59,406.34,406.4],
[1318422900000,406.42,406.45,406,406.15],
[1318422960000,406.19,406.21,405.92,406.03],
[1318423020000,406.0368,406.11,405.88,405.99],
[1318423080000,405.9948,406.01,405.74,405.8276],
[1318423140000,405.92,406.02,405.24,405.277],
[1318423200000,405.34,405.58,405.28,405.37],
[1318423260000,405.4,405.89,405.23,405.83],
[1318423320000,405.77,406.13,405.77,406.08],
[1318423380000,406.08,406.22,405.93,405.979],
[1318423440000,405.98,406.2,405.9,406.06],
[1318423500000,406.06,406.0855,405.9,406.0792],
[1318423560000,405.96,406.45,405.96,406.45],
[1318423620000,406.4691,406.51,406.29,406.33],
[1318423680000,406.33,406.4,406.2,406.27],
[1318423740000,406.27,406.35,406.1222,406.24],
[1318423800000,406.23,406.28,405.92,406.11],
[1318423860000,406.05,406.29,405.99,406.05],
[1318423920000,406.08,406.4,406.05,406.3488],
[1318423980000,406.304,406.45,406.18,406.21],
[1318424040000,406.29,406.75,406.191,406.74],
[1318424100000,406.68,406.77,406.49,406.55],
[1318424160000,406.6,406.6,406.28,406.3],
[1318424220000,406.288,406.59,406.288,406.55],
[1318424280000,406.56,406.61,406.2,406.26],
[1318424340000,406.335,406.49,406.241,406.429],
[1318424400000,406.405,406.62,406.35,406.59],
[1318424460000,406.611,406.8,406.4539,406.8],
[1318424520000,406.7784,407,406.68,406.9999],
[1318424580000,406.99,407.04,406.87,406.97],
[1318424640000,406.91,407.2,406.81,407.1],
[1318424700000,407.14,407.44,407.1,407.2104],
[1318424760000,407.1848,407.22,406.86,406.96],
[1318424820000,406.89,407.18,406.89,406.974],
[1318424880000,406.93,407.024,406.85,406.92],
[1318424940000,406.96,407,406.65,406.7],
[1318425000000,406.73,406.93,406.691,406.87],
[1318425060000,406.92,407.14,406.77,406.79],
[1318425120000,406.75,406.79,406.47,406.6],
[1318425180000,406.61,406.64,406.49,406.52],
[1318425240000,406.49,406.7499,406.34,406.6],
[1318425300000,406.6,406.65,406.3911,406.4112],
[1318425360000,406.4012,406.73,406.4012,406.48],
[1318425420000,406.5835,406.66,406.47,406.66],
[1318425480000,406.705,406.99,406.63,406.99],
[1318425540000,406.97,407.199,406.908,407.18],
[1318425600000,407.1385,407.48,407.081,407.4799],
[1318425660000,407.4532,407.57,407.38,407.528],
[1318425720000,407.52,407.68,407.06,407.19],
[1318425780000,407.16,407.24,407.02,407.1888],
[1318425840000,407.16,407.17,406.75,406.87],
[1318425900000,406.87,406.95,406.77,406.94],
[1318425960000,406.9,407.31,406.87,407.114],
[1318426020000,407.2,407.3,407.06,407.18],
[1318426080000,407.21,407.25,407.11,407.23],
[1318426140000,407.21,407.21,407.07,407.095],
[1318426200000,407.14,407.39,406.93,407],
[1318426260000,406.98,407.06,406.75,406.975],
[1318426320000,406.9956,407.19,406.9956,407.1499],
[1318426380000,407.1,407.1,406.89,406.93],
[1318426440000,406.984,407.2,406.92,407.1668],
[1318426500000,407.17,407.33,407.11,407.1978],
[1318426560000,407.25,407.39,407.19,407.244],
[1318426620000,407.25,407.3,407.03,407.08],
[1318426680000,407.09,407.39,407.06,407.34],
[1318426740000,407.32,407.35,407.2,407.26],
[1318426800000,407.211,407.5,407.211,407.3401],
[1318426860000,407.38,407.48,407.372,407.38],
[1318426920000,407.4495,407.46,407.13,407.15],
[1318426980000,407.13,407.23,407.08,407.1812],
[1318427040000,407.19,407.28,407,407.08],
[1318427100000,407.08,407.2,406.95,406.95],
[1318427160000,406.99,407.09,406.83,406.91],
[1318427220000,406.96,407.08,406.85,406.95],
[1318427280000,406.909,406.909,406.64,406.72],
[1318427340000,406.73,406.75,406.29,406.43],
[1318427400000,406.5,406.57,406.33,406.33],
[1318427460000,406.37,406.3868,406.0509,406.091],
[1318427520000,406.055,406.25,405.92,406.13],
[1318427580000,406.23,406.402,406.05,406.09],
[1318427640000,406.12,406.19,405.97,406.1072],
[1318427700000,406.111,406.54,406.111,406.54],
[1318427760000,406.49,406.53,406.19,406.332],
[1318427820000,406.31,406.49,406.24,406.349],
[1318427880000,406.342,406.37,406.21,406.22],
[1318427940000,406.2212,406.27,406.1,406.26],
[1318428000000,406.26,406.53,405.9,406.29],
[1318428060000,406.29,406.4094,405.9,406.0475],
[1318428120000,406.0427,406.29,405.85,406.1945],
[1318428180000,406.17,406.7213,406.17,406.59],
[1318428240000,406.649,406.649,406.18,406.31],
[1318428300000,406.314,407,406.314,406.77],
[1318428360000,406.805,406.805,406.41,406.69],
[1318428420000,406.7,406.86,406.53,406.53],
[1318428480000,406.52,406.78,406.34,406.77],
[1318428540000,406.68,406.8,406.49,406.73],
[1318428600000,406.73,406.8,406.29,406.3825],
[1318428660000,406.33,406.34,405.89,406.2317],
[1318428720000,406.2012,406.34,405.9101,406.16],
[1318428780000,406.1,406.29,406,406],
[1318428840000,406.022,406.09,405.72,406.06],
[1318428900000,406.09,406.25,405.8,405.8],
[1318428960000,405.85,405.99,405.2,405.23],
[1318429020000,405.22,405.54,405.2,405.49],
[1318429080000,405.4244,405.6,405.1,405.29],
[1318429140000,405.23,405.5,405.12,405.5],
[1318429200000,405.4616,405.5,404.7,404.9],
[1318429260000,404.8,405.07,404.71,405.05],
[1318429320000,405.059,405.1,404.8,404.8],
[1318429380000,404.93,405.38,404.86,405.38],
[1318429440000,405.3,405.42,405.01,405.15],
[1318429500000,405.06,405.29,405,405.08],
[1318429560000,405.07,405.07,404.3,404.4],
[1318429620000,404.4,404.83,404.29,404.76],
[1318429680000,404.738,404.76,404.41,404.75],
[1318429740000,404.63,404.9199,404.63,404.78],
[1318429800000,404.84,405.14,404.7205,405.04],
[1318429860000,405.06,405.5,405,405.3],
[1318429920000,405.33,405.5,405.2,405.27],
[1318429980000,405.3455,405.49,405.2,405.2],
[1318430040000,405.19,405.29,405.03,405.0312],
[1318430100000,405.03,405.05,404.89,405.02],
[1318430160000,404.99,405.25,404.95,405.06],
[1318430220000,405.01,405.18,404.9,404.95],
[1318430280000,404.97,404.97,404.62,404.78],
[1318430340000,404.72,404.83,404.43,404.74],
[1318430400000,404.7,405.03,404.7,404.83],
[1318430460000,404.83,404.83,403.9,404.085],
[1318430520000,404.139,404.139,403.58,403.85],
[1318430580000,403.85,404.2,403.77,404.17],
[1318430640000,404.1188,404.25,403.1,403.26],
[1318430700000,403.26,403.394,402.63,403.11],
[1318430760000,403.04,403.12,402.3,402.44],
[1318430820000,402.51,402.52,401.89,401.91],
[1318430880000,401.91,402.3,401.89,402.16],
[1318430940000,402.12,402.52,402,402.19],
[1318431000000,402.13,402.3525,401.5,402.3],
[1318431060000,402.34,402.53,402.15,402.3388],
[1318431120000,402.22,402.29,401.52,401.74],
[1318431180000,401.66,402.08,401.328,402.07],
[1318431240000,402.02,402.23,401.66,402.209],
[1318431300000,402.19,402.5,402.07,402.414],
[1318431360000,402.35,402.6,401.88,402.03],
[1318431420000,401.944,402.16,401.59,401.97],
[1318431480000,402.045,402.07,400.9,400.9],
[1318431540000,400.9,401.44,400.72,401.332],
[1318431600000,401.4596,401.47,401.12,401.39],
[1318431660000,401.326,401.7,401.3,401.44],
[1318431720000,401.43,401.56,400.14,400.319],
[1318431780000,400.27,400.82,400.22,400.749],
[1318431840000,400.7168,401.24,400.64,401.24],
[1318431900000,401.235,401.24,400.32,400.95],
[1318431960000,401.008,401.58,400.956,401.57],
[1318432020000,401.57,402.13,401.508,401.822],
[1318432080000,401.827,402.249,401.67,402.01],
[1318432140000,402.098,402.35,401.77,402.26],
[1318432200000,402.2592,402.3,401.8,402.29],
[1318432260000,402.19,402.78,402.18,402.51],
[1318432320000,402.58,402.77,402.23,402.6],
[1318432380000,402.654,402.96,402.36,402.73],
[1318432440000,402.769,403.24,402.7,402.87],
[1318432500000,402.95,403.14,402.05,402.19],
[1318432560000,402.2,402.2,401.5,401.95],
[1318432620000,401.86,402,401.371,401.56],
[1318432680000,401.54,402.14,401.4,402.012],
[1318432740000,402.06,402.45,401.87,402.45],
[1318432800000,402.46,403.21,402.366,403.2],
[1318432860000,403.22,403.25,402.44,403],
[1318432920000,403.05,403.05,402.48,402.8],
[1318432980000,402.91,402.97,402.57,402.771],
[1318433040000,402.8613,403.38,402.76,403.201],
[1318433100000,403.2999,403.2999,402.85,402.8525],
[1318433160000,402.85,403,402.39,403],
[1318433220000,403,403.25,402.78,403.08],
[1318433280000,403.1,403.5,403,403.326],
[1318433340000,403.3,403.76,403.28,403.58],
[1318433400000,403.574,404,403.4,403.8392],
[1318433460000,403.8,403.8125,403.52,403.78],
[1318433520000,403.78,404.19,403.65,403.69],
[1318433580000,403.69,404.07,403.6,403.66],
[1318433640000,403.6574,404,403.55,403.719],
[1318433700000,403.62,403.71,402.88,403.32],
[1318433760000,403.22,403.82,403.1,403.59],
[1318433820000,403.6188,404,403.4,404],
[1318433880000,403.92,404,403.44,403.47],
[1318433940000,403.45,403.84,403.42,403.43],
[1318434000000,403.52,403.55,402.83,402.84],
[1318434060000,402.844,403.26,402.83,403.03],
[1318434120000,403.0183,403.279,402.99,403.16],
[1318434180000,403.27,403.46,403,403.0172],
[1318434240000,403.06,403.2788,402.9,403.04],
[1318434300000,403.05,403.545,402.91,403.42],
[1318434360000,403.36,403.4,402.77,402.849],
[1318434420000,402.904,402.96,402.4,402.76],
[1318434480000,402.76,402.765,402.1,402.3],
[1318434540000,402.33,402.44,401.99,402.21],
[1318434600000,402.28,402.65,402.09,402.55],
[1318434660000,402.5,402.77,402.32,402.44],
[1318434720000,402.43,402.89,402.42,402.7687],
[1318434780000,402.75,402.822,402.22,402.35],
[1318434840000,402.44,402.6205,401.86,402.2201],
[1318434900000,402.25,402.75,402.08,402.43],
[1318434960000,402.56,402.87,402.5,402.55],
[1318435020000,402.6,402.6,402.25,402.36],
[1318435080000,402.346,402.37,402.24,402.31],
[1318435140000,402.31,402.34,402,402.11],
[1318492800000,401.15,401.54,401.15,401.54],
[1318492860000,401.5,401.54,401.4,401.54],
[1318492920000,401.5,401.5,401.36,401.36],
[1318492980000,401.35,401.5,401.29,401.5],
[1318493040000,401.38,401.5,401.38,401.47],
[1318493100000,401.45,401.48,401.45,401.48],
[1318493160000,401.11,401.21,401,401],
[1318493220000,401.24,401.24,401.14,401.14],
[1318493280000,401.2,401.43,401.2,401.33],
[1318493340000,401.28,401.28,401.28,401.28],
[1318493400000,401.2,401.3,401,401.25],
[1318493460000,401,401,400.9,400.91],
[1318493520000,400.91,400.93,400.91,400.93],
[1318493580000,400.97,401.19,400.85,401.19],
[1318493640000,401.33,401.33,401.11,401.21],
[1318493700000,401.27,401.45,401.27,401.45],
[1318493820000,401.44,401.44,401.44,401.44],
[1318493880000,401.43,401.6,401.43,401.6],
[1318493940000,401.59,402,401.59,402],
[1318494000000,401.99,402.5,401.97,402.5],
[1318494060000,402.58,402.69,402.49,402.65],
[1318494120000,402.61,402.8,402.58,402.8],
[1318494180000,402.9,403.99,402.9,403.15],
[1318494240000,403.11,403.78,403,403.5],
[1318494300000,403.5,403.65,403.43,403.47],
[1318494360000,403.58,403.58,403.24,403.5],
[1318494420000,403.6,403.6,403.22,403.22],
[1318494480000,403.27,403.4,403.27,403.32],
[1318494540000,403.44,404,403.44,403.86],
[1318494600000,404,404.24,403.72,403.89],
[1318494660000,403.99,404,403.4,403.4],
[1318494720000,403.48,403.75,403.27,403.34],
[1318494780000,403.5,404,403.5,404],
[1318494840000,403.99,404.53,403.99,404.5],
[1318494900000,404.5,404.8,404.32,404.32],
[1318494960000,404.5,405.2,404.32,405.2],
[1318495020000,405.22,405.23,404.6,404.94],
[1318495080000,404.95,405.11,404.78,405.11],
[1318495140000,405.08,405.29,405.01,405.08],
[1318495200000,405.1,405.61,405.1,405.37],
[1318495260000,405.41,405.61,405.33,405.35],
[1318495320000,405.39,405.43,404.97,404.97],
[1318495380000,404.95,405.29,404.81,405.29],
[1318495440000,405.02,405.36,405.02,405.26],
[1318495500000,405.26,405.26,405.11,405.24],
[1318495560000,405.27,405.4,405.27,405.4],
[1318495620000,405.43,405.44,405.28,405.4],
[1318495680000,405.38,405.6,405.2,405.2],
[1318495740000,405.2,405.68,405.2,405.68],
[1318495800000,405.48,405.5,405.48,405.49],
[1318495860000,405.5,405.55,405.31,405.42],
[1318495920000,405.28,405.3,405,405.02],
[1318495980000,405,405.29,404.8,405.21],
[1318496040000,404.93,404.94,404.92,404.92],
[1318496100000,404.92,404.93,404.6,404.6],
[1318496160000,404.77,404.8,404.53,404.61],
[1318496220000,404.62,405.19,404.62,405.19],
[1318496280000,405,405.07,404.8,404.82],
[1318496340000,404.77,404.9,404.77,404.9],
[1318496400000,404.95,404.96,404.9,404.96],
[1318496460000,404.83,405,404.82,405],
[1318496520000,404.99,405.03,404.99,405],
[1318496580000,405.23,405.37,405.2,405.2],
[1318496640000,405.25,405.25,405.25,405.25],
[1318496700000,405.05,405.3,405.05,405.08],
[1318496760000,405.35,405.35,405.1,405.15],
[1318496820000,405.22,405.3,405.15,405.15],
[1318496880000,405.14,405.45,405.13,405.45],
[1318496940000,405.4,405.49,405.3,405.32],
[1318497000000,405.32,405.35,405.29,405.35],
[1318497060000,405.36,405.67,405.35,405.52],
[1318497120000,405.5,405.6,405.48,405.6],
[1318497180000,405.6,405.6,405.5,405.5],
[1318497240000,405.5,405.75,405.5,405.6],
[1318497300000,405.5,405.5,405.15,405.22],
[1318497360000,405.25,405.3,405.15,405.15],
[1318497420000,405.33,405.33,405.15,405.3],
[1318497480000,405.19,405.24,405.03,405.15],
[1318497540000,405.1,405.1,404.91,404.91],
[1318497600000,405,405.05,405,405.03],
[1318497660000,405.01,405.01,404.99,404.99],
[1318497720000,405.15,405.23,405.03,405.03],
[1318497780000,405.05,405.05,404.9,405],
[1318497840000,405,405.24,405,405.24],
[1318497960000,405.04,405.04,404.82,404.82],
[1318498020000,404.82,404.9,404.72,404.72],
[1318498080000,404.89,405.21,404.89,405.01],
[1318498140000,405.03,405.3,405,405],
[1318498200000,405.02,405.21,404.4,404.56],
[1318498260000,404.55,405.66,404.0001,405.426],
[1318498320000,405.68,406.15,405.01,405.09],
[1318498380000,405.09,405.27,404.24,404.3839],
[1318498440000,404.39,404.45,403.62,403.94],
[1318498500000,403.98,404.27,403.71,403.9],
[1318498560000,403.984,404,402.85,403.07],
[1318498620000,403.12,403.64,402.95,403.136],
[1318498680000,403.14,404.26,403,404.15],
[1318498740000,404.19,404.21,403.386,403.6],
[1318498800000,403.54,404.15,403.48,403.92],
[1318498860000,403.93,404.31,403.7212,403.88],
[1318498920000,403.97,404.28,403.886,404.25],
[1318498980000,404.25,404.31,404.06,404.23],
[1318499040000,404.23,404.48,403.64,403.861],
[1318499100000,403.8479,404.36,403.31,404.34],
[1318499160000,404.35,404.71,404,404.475],
[1318499220000,404.5,404.69,403.91,404.05],
[1318499280000,404.08,404.9,403.94,404.86],
[1318499340000,404.788,404.98,404.5,404.88],
[1318499400000,404.88,404.93,404.14,404.22],
[1318499460000,404.141,404.48,403.5,403.94],
[1318499520000,403.71,403.8588,403.311,403.39],
[1318499580000,403.37,403.81,403.23,403.7046],
[1318499640000,403.668,404.26,403.65,404.01],
[1318499700000,404.112,404.17,403.54,403.8],
[1318499760000,403.94,404.6,403.89,404.5999],
[1318499820000,404.6,404.86,404.29,404.8199],
[1318499880000,404.81,405.02,404.73,405],
[1318499940000,405.02,405.05,404.58,404.74],
[1318500000000,404.72,405.22,404.55,405.15],
[1318500060000,405.095,405.25,404.93,405.09],
[1318500120000,405.08,405.2,404.6,404.6],
[1318500180000,404.61,404.64,403.95,404.2],
[1318500240000,404.35,404.98,404.24,404.86],
[1318500300000,404.872,405.25,404.77,405.25],
[1318500360000,405.25,405.56,405.01,405.55],
[1318500420000,405.53,405.85,405.44,405.81],
[1318500480000,405.7999,405.85,405.37,405.48],
[1318500540000,405.441,405.74,405.33,405.56],
[1318500600000,405.58,406.1,405.51,406.1],
[1318500660000,406.04,406.58,405.86,406.43],
[1318500720000,406.5,406.67,406.19,406.2],
[1318500780000,406.19,406.28,405.65,405.96],
[1318500840000,405.991,406.39,405.66,405.7],
[1318500900000,405.69,405.99,405.62,405.9164],
[1318500960000,405.93,406,405.67,405.815],
[1318501020000,405.75,405.8,405.32,405.32],
[1318501080000,405.41,405.63,405.32,405.54],
[1318501140000,405.53,405.68,405.39,405.61],
[1318501200000,405.56,405.99,405.45,405.99],
[1318501260000,405.99,406,405.77,405.87],
[1318501320000,405.99,406.11,405.75,405.88],
[1318501380000,405.89,406.2,405.75,406.124],
[1318501440000,406.13,406.24,405.95,406.18],
[1318501500000,406.18,406.25,406,406.188],
[1318501560000,406.15,406.38,406.02,406.27],
[1318501620000,406.38,406.43,406.06,406.16],
[1318501680000,406.19,406.35,405.86,405.88],
[1318501740000,405.91,406.12,405.88,406.04],
[1318501800000,405.99,406.35,405.86,406.3325],
[1318501860000,406.32,406.55,406.12,406.32],
[1318501920000,406.31,406.55,406.23,406.4],
[1318501980000,406.44,406.63,406.28,406.61],
[1318502040000,406.64,406.9,406.58,406.84],
[1318502100000,406.83,406.832,406.3,406.4],
[1318502160000,406.39,406.44,406.03,406.078],
[1318502220000,406.08,406.26,405.94,406.25],
[1318502280000,406.25,406.41,406.03,406.23],
[1318502340000,406.19,406.28,406,406.0612],
[1318502400000,406.19,406.2,406,406.18],
[1318502460000,406.212,406.44,406.08,406.266],
[1318502520000,406.151,406.205,405.8,405.99],
[1318502580000,405.99,406.05,405.83,405.91],
[1318502640000,405.985,406.08,405.67,405.82],
[1318502700000,405.748,405.75,405.36,405.374],
[1318502760000,405.388,405.59,405.18,405.191],
[1318502820000,405.191,405.48,405.18,405.3401],
[1318502880000,405.3907,405.64,405.3907,405.4135],
[1318502940000,405.48,405.52,405.26,405.39],
[1318503000000,405.42,405.6,405.313,405.5],
[1318503060000,405.6,405.75,405.45,405.75],
[1318503120000,405.75,405.77,405.15,405.25],
[1318503180000,405.25,405.34,404.75,404.751],
[1318503240000,404.75,405.3,404.6,404.76],
[1318503300000,404.79,405.09,404.65,405.09],
[1318503360000,405.14,405.21,404.68,404.75],
[1318503420000,404.68,404.84,404.35,404.82],
[1318503480000,404.621,404.8,404.51,404.67],
[1318503540000,404.6701,404.86,404.618,404.77],
[1318503600000,404.64,405,404.64,404.84],
[1318503660000,404.89,405.21,404.8,405],
[1318503720000,404.95,405.369,404.89,405.01],
[1318503780000,405.0144,405.3,404.9,404.945],
[1318503840000,404.95,405.39,404.95,405.3596],
[1318503900000,405.27,405.48,405.05,405.105],
[1318503960000,405.06,405.399,405.06,405.23],
[1318504020000,405.31,405.56,405.26,405.45],
[1318504080000,405.44,405.455,405.12,405.13],
[1318504140000,405.16,405.34,405.11,405.322],
[1318504200000,405.27,405.45,405.2,405.362],
[1318504260000,405.45,405.7,405.36,405.4777],
[1318504320000,405.57,405.93,405.48,405.781],
[1318504380000,405.78,405.95,405.59,405.79],
[1318504440000,405.77,405.795,405.52,405.58],
[1318504500000,405.59,405.95,405.558,405.8601],
[1318504560000,405.86,405.89,405.66,405.68],
[1318504620000,405.8,405.8,405.291,405.39],
[1318504680000,405.46,405.549,405.06,405.12],
[1318504740000,405.1952,405.36,405.051,405.26],
[1318504800000,405.29,405.4,405.1589,405.35],
[1318504860000,405.3945,405.73,405.18,405.68],
[1318504920000,405.7,405.75,405.48,405.61],
[1318504980000,405.65,405.84,405.64,405.66],
[1318505040000,405.72,405.99,405.69,405.99],
[1318505100000,405.882,406,405.81,406],
[1318505160000,406,406.38,405.995,406.25],
[1318505220000,406.23,406.39,406.14,406.17],
[1318505280000,406.164,406.22,405.95,406.086],
[1318505340000,406.08,406.169,405.94,405.99],
[1318505400000,406.02,406.28,405.89,406.23],
[1318505460000,406.21,406.34,406.04,406.088],
[1318505520000,406.04,406.5,406.04,406.49],
[1318505580000,406.5,407.032,406.43,406.66],
[1318505640000,406.65,406.95,406.62,406.6258],
[1318505700000,406.62,406.87,406.58,406.79],
[1318505760000,406.79,406.8378,406.45,406.45],
[1318505820000,406.63,406.65,406.4512,406.51],
[1318505880000,406.55,406.6,406.29,406.46],
[1318505940000,406.4,406.5,406.3301,406.45],
[1318506000000,406.5,406.664,406.45,406.664],
[1318506060000,406.58,406.68,406.45,406.45],
[1318506120000,406.49,406.49,406.3502,406.48],
[1318506180000,406.48,406.58,406.39,406.4],
[1318506240000,406.39,406.8514,406.39,406.8514],
[1318506300000,406.849,406.95,406.675,406.946],
[1318506360000,406.95,407.4,406.95,407.11],
[1318506420000,407.1,407.15,407,407.13],
[1318506480000,407.1,407.18,407,407.04],
[1318506540000,407.011,407.3,407.011,407.26],
[1318506600000,407.29,407.4,407.14,407.23],
[1318506660000,407.25,407.53,407.19,407.34],
[1318506720000,407.334,407.35,407.07,407.15],
[1318506780000,407.15,407.2988,407.01,407.01],
[1318506840000,407.01,407.1,406.7401,406.94],
[1318506900000,406.936,407.206,406.84,407.206],
[1318506960000,407.18,407.33,406.85,406.91],
[1318507020000,406.92,407.04,406.83,406.84],
[1318507080000,406.83,407.21,406.81,407.06],
[1318507140000,407.14,407.149,406.79,406.79],
[1318507200000,406.79,406.932,406.7,406.84],
[1318507260000,406.8,406.97,406.71,406.8],
[1318507320000,406.84,406.99,406.8,406.85],
[1318507380000,406.9,407.1522,406.89,407.099],
[1318507440000,406.98,407.22,406.98,407.22],
[1318507500000,407.21,407.33,407.15,407.17],
[1318507560000,407.19,407.22,406.8,406.89],
[1318507620000,406.8412,407,406.73,406.93],
[1318507680000,406.99,407.19,406.9612,407.0847],
[1318507740000,407.165,407.165,406.7,406.7],
[1318507800000,406.82,407.01,406.73,406.76],
[1318507860000,406.75,406.98,406.75,406.834],
[1318507920000,406.88,406.91,406.7,406.7288],
[1318507980000,406.79,406.8,406.58,406.59],
[1318508040000,406.57,406.69,406.5,406.52],
[1318508100000,406.64,406.64,406.43,406.51],
[1318508160000,406.54,406.65,406.455,406.64],
[1318508220000,406.59,406.78,406.55,406.6513],
[1318508280000,406.68,406.76,406.58,406.65],
[1318508340000,406.59,406.6,406.2,406.22],
[1318508400000,406.2192,406.36,406.01,406.17],
[1318508460000,406.15,406.2523,406.07,406.2484],
[1318508520000,406.255,406.46,406.2,406.36],
[1318508580000,406.36,406.4,406.24,406.35],
[1318508640000,406.32,406.5,406.32,406.45],
[1318508700000,406.49,406.54,406.29,406.45],
[1318508760000,406.4,406.61,406.4,406.43],
[1318508820000,406.38,406.45,406.1901,406.22],
[1318508880000,406.19,406.263,406.15,406.22],
[1318508940000,406.2,406.269,406.15,406.24],
[1318509000000,406.23,406.4,406.2157,406.39],
[1318509060000,406.3,406.3,406,406.0545],
[1318509120000,406.06,406.17,406.01,406.06],
[1318509180000,406.007,406.32,405.911,406.28],
[1318509240000,406.17,406.39,406.15,406.358],
[1318509300000,406.37,406.4,406.19,406.294],
[1318509360000,406.3381,406.3381,406.16,406.1936],
[1318509420000,406.24,406.49,406.15,406.3525],
[1318509480000,406.33,406.37,406.2412,406.3388],
[1318509540000,406.26,406.37,406.26,406.29],
[1318509600000,406.3097,406.48,406.3097,406.46],
[1318509660000,406.459,406.75,406.41,406.732],
[1318509720000,406.726,406.75,406.52,406.64],
[1318509780000,406.608,406.64,406.4212,406.51],
[1318509840000,406.54,406.59,406.431,406.59],
[1318509900000,406.54,406.64,406.52,406.6034],
[1318509960000,406.6,406.76,406.52,406.74],
[1318510020000,406.74,406.76,406.5,406.51],
[1318510080000,406.6,406.75,406.54,406.65],
[1318510140000,406.64,406.65,406.45,406.45],
[1318510200000,406.5,406.65,406.49,406.63],
[1318510260000,406.69,406.85,406.66,406.7],
[1318510320000,406.68,406.78,406.51,406.57],
[1318510380000,406.6888,406.6888,406.44,406.47],
[1318510440000,406.45,406.59,406.31,406.5035],
[1318510500000,406.5788,406.67,406.51,406.66],
[1318510560000,406.67,406.8499,406.65,406.76],
[1318510620000,406.75,406.7504,406.5,406.6112],
[1318510680000,406.61,406.65,406.37,406.37],
[1318510740000,406.38,406.5,406.38,406.44],
[1318510800000,406.44,406.516,406.3,406.3],
[1318510860000,406.3,406.33,405.88,405.88],
[1318510920000,405.88,406.08,405.75,405.76],
[1318510980000,405.76,405.84,405.56,405.84],
[1318511040000,405.77,405.929,405.56,405.85],
[1318511100000,405.74,405.789,405.25,405.27],
[1318511160000,405.27,405.5,405.26,405.5],
[1318511220000,405.46,406,405.46,406],
[1318511280000,405.932,406,405.85,406],
[1318511340000,406,406.082,405.94,406.08],
[1318511400000,406.05,406.36,406.05,406.15],
[1318511460000,406.156,406.22,406.03,406.19],
[1318511520000,406.0744,406.25,406.05,406.05],
[1318511580000,406.11,406.11,405.86,405.97],
[1318511640000,405.861,406.03,405.85,405.89],
[1318511700000,405.9396,406,405.8,405.8015],
[1318511760000,405.8,405.92,405.72,405.72],
[1318511820000,405.71,405.71,405.5,405.58],
[1318511880000,405.58,405.72,405.401,405.46],
[1318511940000,405.421,405.474,405.27,405.34],
[1318512000000,405.27,405.2712,404.43,404.6405],
[1318512060000,404.6,404.95,404.55,404.7],
[1318512120000,404.85,405.34,404.71,405.22],
[1318512180000,405.304,405.304,405.05,405.17],
[1318512240000,405.18,405.45,405.11,405.379],
[1318512300000,405.325,405.58,405.25,405.25],
[1318512360000,405.25,405.3,405.07,405.126],
[1318512420000,405.17,405.35,405.101,405.25],
[1318512480000,405.329,405.78,405.2,405.63],
[1318512540000,405.669,405.8,405.48,405.635],
[1318512600000,405.59,405.86,405.52,405.62],
[1318512660000,405.655,405.8,405.61,405.621],
[1318512720000,405.732,405.74,405.41,405.552],
[1318512780000,405.59,405.75,405.51,405.6457],
[1318512840000,405.58,405.77,405.52,405.7688],
[1318512900000,405.745,405.77,405.66,405.66],
[1318512960000,405.75,405.97,405.55,405.895],
[1318513020000,405.93,406.07,405.85,405.9],
[1318513080000,405.98,406.02,405.82,405.924],
[1318513140000,405.93,405.94,405.66,405.75],
[1318513200000,405.65,405.86,405.58,405.86],
[1318513260000,405.88,405.88,405.61,405.65],
[1318513320000,405.62,405.73,405.43,405.66],
[1318513380000,405.7,405.78,405.54,405.645],
[1318513440000,405.68,405.94,405.65,405.82],
[1318513500000,405.85,406.05,405.73,405.94],
[1318513560000,405.95,406,405.77,405.85],
[1318513620000,405.86,406.1,405.83,405.98],
[1318513680000,405.96,405.96,405.62,405.755],
[1318513740000,405.7,405.9,405.7,405.85],
[1318513800000,405.89,405.9,405.64,405.65],
[1318513860000,405.66,405.7988,405.56,405.7988],
[1318513920000,405.62,405.77,405.56,405.67],
[1318513980000,405.68,405.87,405.62,405.87],
[1318514040000,405.863,405.93,405.7,405.83],
[1318514100000,405.83,405.93,405.79,405.82],
[1318514160000,405.77,405.92,405.645,405.73],
[1318514220000,405.74,405.75,405.44,405.565],
[1318514280000,405.524,405.524,405.215,405.36],
[1318514340000,405.36,405.61,405.33,405.6],
[1318514400000,405.66,405.6995,405.36,405.47],
[1318514460000,405.54,405.58,405.21,405.2955],
[1318514520000,405.26,405.29,405.0201,405.16],
[1318514580000,405.216,405.32,405.09,405.17],
[1318514640000,405.19,405.37,405.19,405.2275],
[1318514700000,405.23,405.5,405.18,405.5],
[1318514760000,405.53,405.59,405.39,405.43],
[1318514820000,405.47,405.56,405.3,405.49],
[1318514880000,405.46,405.53,405.35,405.44],
[1318514940000,405.44,405.57,405.33,405.33],
[1318515000000,405.37,405.408,405.25,405.32],
[1318515060000,405.33,405.33,404.81,404.97],
[1318515120000,405.07,405.1799,404.95,404.96],
[1318515180000,404.97,404.999,404.68,404.78],
[1318515240000,404.78,405.15,404.74,404.9301],
[1318515300000,405,405.16,404.94,405.04],
[1318515360000,405.08,405.36,405.03,405.27],
[1318515420000,405.3,405.58,405.3,405.44],
[1318515480000,405.42,405.56,405.33,405.5],
[1318515540000,405.52,405.67,405.43,405.5],
[1318515600000,405.55,405.6,405.47,405.6],
[1318515660000,405.61,405.88,405.61,405.88],
[1318515720000,405.82,405.86,405.48,405.55],
[1318515780000,405.57,405.68,405.42,405.42],
[1318515840000,405.49,405.51,405.25,405.42],
[1318515900000,405.5,405.5,405.31,405.348],
[1318515960000,405.38,405.39,405.01,405.06],
[1318516020000,405.14,405.28,405.09,405.216],
[1318516080000,405.2001,405.48,405.18,405.31],
[1318516140000,405.3,405.35,405.1,405.26],
[1318516200000,405.29,405.55,405.224,405.54],
[1318516260000,405.54,405.65,405.26,405.4],
[1318516320000,405.42,405.59,405.42,405.54],
[1318516380000,405.57,405.76,405.47,405.73],
[1318516440000,405.681,405.88,405.644,405.75],
[1318516500000,405.74,405.87,405.72,405.791],
[1318516560000,405.79,406,405.77,405.85],
[1318516620000,405.93,405.9312,405.57,405.57],
[1318516680000,405.65,405.78,405.5,405.78],
[1318516740000,405.73,405.81,405.51,405.54],
[1318516800000,405.65,405.79,405.48,405.5],
[1318516860000,405.54,405.54,405.32,405.33],
[1318516920000,405.36,405.72,405.26,405.71],
[1318516980000,405.7,405.8,405.6,405.66],
[1318517040000,405.78,406,405.65,405.93],
[1318517100000,405.93,405.99,405.73,405.84],
[1318517160000,405.82,405.8825,405.7,405.8825],
[1318517220000,405.86,406.4,405.86,406.38],
[1318517280000,406.32,406.98,406.32,406.97],
[1318517340000,406.94,406.98,406.57,406.88],
[1318517400000,406.88,407,406.76,406.98],
[1318517460000,406.93,406.99,406.7,406.8301],
[1318517520000,406.83,406.9288,406.75,406.818],
[1318517580000,406.85,406.9,406.62,406.78],
[1318517640000,406.8284,407.17,406.79,407],
[1318517700000,407,407.06,406.658,406.762],
[1318517760000,406.76,407,406.631,406.76],
[1318517820000,406.8,406.95,406.61,406.75],
[1318517880000,406.82,406.9,406.72,406.798],
[1318517940000,406.83,406.98,406.65,406.67],
[1318518000000,406.61,406.87,406.59,406.824],
[1318518060000,406.87,407,406.73,406.99],
[1318518120000,407,407.37,406.92,407.3],
[1318518180000,407.3,407.49,407.26,407.37],
[1318518240000,407.36,407.46,407.09,407.39],
[1318518300000,407.434,407.87,407.4,407.69],
[1318518360000,407.69,407.99,407.69,407.95],
[1318518420000,407.95,408,407.62,407.92],
[1318518480000,407.92,408,407.63,407.65],
[1318518540000,407.69,407.94,407.66,407.94],
[1318518600000,407.915,407.97,407.41,407.41],
[1318518660000,407.42,407.65,407.13,407.39],
[1318518720000,407.32,407.73,407.2,407.7],
[1318518780000,407.66,407.86,407.5,407.78],
[1318518840000,407.74,407.98,407.5,407.67],
[1318518900000,407.73,407.92,407.68,407.92],
[1318518960000,407.818,407.97,407.79,407.89],
[1318519020000,407.92,407.96,407.8,407.95],
[1318519080000,407.91,407.99,407.81,407.92],
[1318519140000,407.95,408.19,407.891,408.1276],
[1318519200000,408.129,408.25,407.81,407.945],
[1318519260000,407.9068,408.24,407.87,408.0012],
[1318519320000,408.08,408.08,407.7,407.77],
[1318519380000,407.75,407.87,407.4,407.47],
[1318519440000,407.519,407.55,407.28,407.378],
[1318519500000,407.37,407.47,407.2,407.221],
[1318519560000,407.2273,407.27,407.07,407.07],
[1318519620000,407.07,407.35,406.85,407.13],
[1318519680000,407.09,407.28,406.94,407.0235],
[1318519740000,407.0388,407.06,406.75,406.85],
[1318519800000,406.81,407.18,406.65,407.05],
[1318519860000,407.08,407.15,406.7,406.74],
[1318519920000,406.77,406.89,406.5,406.67],
[1318519980000,406.74,407.1,406.71,406.82],
[1318520040000,406.82,406.99,406.64,406.8904],
[1318520100000,406.856,407.08,406.856,407.07],
[1318520160000,407.06,407.07,406.8403,406.97],
[1318520220000,406.8895,407.23,406.84,407.184],
[1318520280000,407.16,407.355,407,407.1],
[1318520340000,407.021,407.28,406.99,407.17],
[1318520400000,407.2,407.42,407.07,407.11],
[1318520460000,407.19,407.37,407.18,407.25],
[1318520520000,407.39,407.49,407.248,407.36],
[1318520580000,407.27,407.32,406.93,406.981],
[1318520640000,407.02,407.27,406.93,407.16],
[1318520700000,407.18,407.5,407.05,407.478],
[1318520760000,407.4,407.45,407.21,407.32],
[1318520820000,407.31,407.38,407.06,407.25],
[1318520880000,407.24,407.29,406.95,406.99],
[1318520940000,407.01,407.37,406.92,407.34],
[1318521000000,407.36,407.65,407.3,407.62],
[1318521060000,407.62,407.67,407.2,407.55],
[1318521120000,407.604,407.77,407.4,407.47],
[1318521180000,407.46,407.83,407.39,407.8],
[1318521240000,407.79,407.9,407.6,407.81],
[1318521300000,407.73,407.9,407.68,407.881],
[1318521360000,407.83,408,407.83,407.94],
[1318521420000,407.96,408,407.78,407.99],
[1318521480000,407.99,408.27,407.95,408.24],
[1318521540000,408.245,408.43,408.1,408.42],
[1318579200000,415.85,415.93,415,415.89],
[1318579260000,415.9,415.92,415.6,415.8],
[1318579320000,415.8,416.35,415.8,416.29],
[1318579380000,416.3,416.79,416.3,416.75],
[1318579440000,416.75,416.85,416.4,416.77],
[1318579500000,416.76,417.65,416.76,417.6],
[1318579560000,417.7,417.99,417.49,417.6],
[1318579620000,417.65,417.65,417.43,417.6],
[1318579680000,417.36,418,417.36,417.8],
[1318579740000,417.96,417.97,417.11,417.28],
[1318579800000,417.44,417.7,417.11,417.11],
[1318579860000,417.45,418,417.03,417.4],
[1318579920000,417.24,417.5,417.15,417.3],
[1318579980000,417.3,417.5,417.21,417.5],
[1318580040000,417.37,417.55,417.37,417.5],
[1318580100000,417.4,417.4,417.15,417.27],
[1318580160000,417.24,417.26,417.11,417.24],
[1318580220000,417.12,417.29,417.1,417.25],
[1318580280000,417.17,417.27,417.07,417.25],
[1318580340000,417.26,417.26,417.25,417.25],
[1318580400000,417.2,417.2,416.88,416.88],
[1318580460000,416.86,417.03,416.66,417.03],
[1318580520000,417.25,417.3,417.25,417.3],
[1318580580000,417.25,417.41,417.25,417.38],
[1318580640000,417.12,417.12,417,417],
[1318580700000,417.02,417.02,417,417],
[1318580760000,417.19,417.19,417,417],
[1318580820000,417.03,417.03,417,417],
[1318580880000,417.16,417.25,416.99,417.02],
[1318580940000,417.26,417.26,417,417],
[1318581000000,417,417.5,417,417.5],
[1318581060000,417.49,417.5,417.02,417.2],
[1318581120000,417.2,417.27,416.72,416.88],
[1318581180000,416.8,417,416.6,416.88],
[1318581240000,417,417,416.8,416.86],
[1318581300000,416.86,417.2,416.81,417.03],
[1318581360000,417.15,417.4,417.03,417.3],
[1318581420000,417.39,417.49,417.37,417.37],
[1318581480000,417.44,417.63,417.32,417.63],
[1318581540000,417.47,417.64,417.42,417.6],
[1318581600000,417.59,417.68,417.5,417.62],
[1318581660000,417.5,417.51,417.41,417.41],
[1318581720000,417.4,417.5,417.31,417.34],
[1318581780000,417.48,417.48,417.32,417.4],
[1318581840000,417.4,417.4,417.22,417.33],
[1318581900000,417.4,417.4,417.25,417.39],
[1318581960000,417.26,417.26,417,417],
[1318582020000,417.06,417.15,417.05,417.15],
[1318582080000,417.1,417.15,417.01,417.12],
[1318582140000,417.01,417.13,416.88,417.13],
[1318582200000,417.15,417.25,417.14,417.25],
[1318582260000,417.3,417.6,417.3,417.6],
[1318582320000,417.52,417.8,417.52,417.8],
[1318582380000,417.8,417.88,417.7,417.81],
[1318582440000,417.75,418,417.61,417.9],
[1318582500000,417.88,418,417.88,418],
[1318582560000,418,418.47,418,418.47],
[1318582620000,418.42,418.5,417.95,418],
[1318582680000,418.01,418.18,418.01,418.05],
[1318582740000,418.03,418.17,418,418],
[1318582800000,417.98,418,417.85,417.88],
[1318582860000,417.99,418,417.91,417.91],
[1318582920000,417.99,418.14,417.99,418.14],
[1318582980000,418.05,418.15,418,418],
[1318583040000,418.01,418.08,418,418.05],
[1318583100000,418.05,418.21,418,418.21],
[1318583160000,418.21,418.21,418.14,418.15],
[1318583220000,418.14,418.19,418.05,418.05],
[1318583280000,418.05,418.09,417.99,418.09],
[1318583340000,418.02,418.02,418,418],
[1318583400000,418,418,417.85,417.85],
[1318583460000,417.78,418,417.78,417.94],
[1318583520000,417.93,418.07,417.93,418.07],
[1318583580000,418.01,418.07,417.97,417.97],
[1318583640000,417.92,417.96,417.77,417.77],
[1318583700000,417.77,417.8,417.6,417.79],
[1318583760000,417.8,417.9,417.8,417.9],
[1318583820000,417.9,418.19,417.8,417.81],
[1318583880000,417.8,417.98,417.8,417.95],
[1318583940000,417.82,417.91,417.82,417.91],
[1318584000000,418,418,417.9,417.9],
[1318584060000,417.92,418.1,417.92,418],
[1318584120000,418,418,417.5,417.53],
[1318584180000,417.52,417.78,417.51,417.61],
[1318584240000,417.77,417.79,417.61,417.78],
[1318584300000,417.78,417.78,417.78,417.78],
[1318584360000,417.77,417.77,417.5,417.63],
[1318584420000,417.5,417.5,417.4,417.4],
[1318584480000,417.4,417.4,417,417],
[1318584540000,416.99,417.01,416.57,416.92],
[1318584600000,416.83,417.04,416.16,416.6],
[1318584660000,416.59,417.2753,416.494,417.15],
[1318584720000,417.12,417.75,417.09,417.57],
[1318584780000,417.579,418.4,417.5,418.4],
[1318584840000,418.42,418.86,418.38,418.79],
[1318584900000,418.78,418.85,418.3,418.3],
[1318584960000,418.301,418.76,418.06,418.06],
[1318585020000,418.12,418.25,417.11,417.3],
[1318585080000,417.242,417.71,417.22,417.47],
[1318585140000,417.47,417.68,417.31,417.53],
[1318585200000,417.47,417.6,417,417.04],
[1318585260000,417.018,417.09,416.07,416.18],
[1318585320000,416.15,416.65,415.51,415.954],
[1318585380000,415.98,416.48,415.7712,416.459],
[1318585440000,416.46,416.9,416.33,416.61],
[1318585500000,416.61,416.75,416.5,416.5],
[1318585560000,416.551,416.96,416.32,416.87],
[1318585620000,416.74,416.88,416.57,416.75],
[1318585680000,416.74,417.32,416.7,416.97],
[1318585740000,416.972,417.02,416.68,416.84],
[1318585800000,416.7601,416.94,416.54,416.68],
[1318585860000,416.735,416.87,416.62,416.67],
[1318585920000,416.66,416.78,416.5,416.5301],
[1318585980000,416.55,416.63,416.22,416.2601],
[1318586040000,416.33,416.5,416.07,416.08],
[1318586100000,416.08,416.64,416.08,416.34],
[1318586160000,416.45,416.58,415.81,416.061],
[1318586220000,416.04,416.49,415.8,416.46],
[1318586280000,416.3701,416.76,416.37,416.67],
[1318586340000,416.7011,416.73,416.25,416.26],
[1318586400000,416.25,416.36,415.65,415.75],
[1318586460000,415.76,415.96,415.27,415.73],
[1318586520000,415.73,416.239,415.57,416.13],
[1318586580000,416.13,416.35,415.92,415.94],
[1318586640000,415.97,416.21,415.84,416.06],
[1318586700000,416.01,416.24,415.84,416.205],
[1318586760000,416.23,416.3,416,416.279],
[1318586820000,416.18,416.68,416.09,416.63],
[1318586880000,416.62,416.83,416.57,416.7713],
[1318586940000,416.78,416.93,416.6,416.73],
[1318587000000,416.745,416.85,416.4,416.51],
[1318587060000,416.51,416.7,416.38,416.625],
[1318587120000,416.679,416.79,416.59,416.79],
[1318587180000,416.7,417.23,416.66,417.11],
[1318587240000,417.05,417.29,416.95,417.1],
[1318587300000,417.079,417.19,416.672,416.91],
[1318587360000,416.846,416.846,416.46,416.651],
[1318587420000,416.622,416.84,416.58,416.75],
[1318587480000,416.75,417,416.63,416.96],
[1318587540000,416.95,417.12,416.78,417.11],
[1318587600000,417.12,417.2,416.8,416.875],
[1318587660000,416.82,417.11,416.78,417.09],
[1318587720000,417.0112,417.1,416.4,416.616],
[1318587780000,416.616,416.87,416.58,416.69],
[1318587840000,416.735,416.95,416.69,416.77],
[1318587900000,416.76,416.92,416.43,416.4705],
[1318587960000,416.5,416.65,416.19,416.201],
[1318588020000,416.19,416.48,416.08,416.48],
[1318588080000,416.425,416.48,416.14,416.47],
[1318588140000,416.36,416.54,416.21,416.3703],
[1318588200000,416.336,416.97,416.336,416.77],
[1318588260000,416.76,416.91,416.63,416.72],
[1318588320000,416.72,416.85,416.62,416.85],
[1318588380000,416.7999,416.93,416.74,416.84],
[1318588440000,416.87,416.95,416.75,416.82],
[1318588500000,416.85,416.91,416.48,416.72],
[1318588560000,416.69,416.81,416.6212,416.7],
[1318588620000,416.73,416.89,416.64,416.84],
[1318588680000,416.76,416.8,416.33,416.39],
[1318588740000,416.45,416.74,416.37,416.62],
[1318588800000,416.51,416.66,416.44,416.47],
[1318588860000,416.578,416.72,416.33,416.33],
[1318588920000,416.4,416.61,416.33,416.522],
[1318588980000,416.522,416.71,416.43,416.71],
[1318589040000,416.621,417.05,416.621,417],
[1318589100000,416.89,417.19,416.88,417.09],
[1318589160000,417.139,417.2,416.78,416.862],
[1318589220000,416.9,416.99,416.71,416.8],
[1318589280000,416.859,416.89,416.68,416.725],
[1318589340000,416.82,416.95,416.72,416.84],
[1318589400000,416.9,417.16,416.865,417.0135],
[1318589460000,417.018,417.15,416.91,416.955],
[1318589520000,416.92,417.01,416.78,416.93],
[1318589580000,416.82,416.85,416.65,416.705],
[1318589640000,416.73,416.75,416.65,416.72],
[1318589700000,416.7225,417.1,416.68,417.0101],
[1318589760000,417.02,417.05,416.76,416.82],
[1318589820000,416.88,416.95,416.68,416.746],
[1318589880000,416.8008,417.05,416.8008,417.05],
[1318589940000,417.07,417.11,416.7,416.81],
[1318590000000,416.83,416.88,416.7,416.7865],
[1318590060000,416.75,416.95,416.75,416.805],
[1318590120000,416.8632,416.95,416.69,416.764],
[1318590180000,416.71,416.96,416.65,416.89],
[1318590240000,416.94,417.08,416.88,416.99],
[1318590300000,417,417.08,416.87,416.95],
[1318590360000,416.96,417.06,416.91,417.05],
[1318590420000,417.04,417.04,416.71,416.76],
[1318590480000,416.76,416.92,416.6,416.8988],
[1318590540000,416.8201,417.12,416.8201,417.04],
[1318590600000,417.06,417.18,417.004,417.18],
[1318590660000,417.13,417.28,416.97,417.034],
[1318590720000,417.04,417.109,416.7,416.8],
[1318590780000,416.75,416.783,416.32,416.464],
[1318590840000,416.44,416.7,416.37,416.67],
[1318590900000,416.694,416.7,416.58,416.689],
[1318590960000,416.689,416.719,416.57,416.57],
[1318591020000,416.6888,416.75,416.57,416.59],
[1318591080000,416.64,416.94,416.64,416.859],
[1318591140000,416.85,416.95,416.746,416.89],
[1318591200000,416.86,416.89,416.58,416.7417],
[1318591260000,416.77,416.86,416.49,416.535],
[1318591320000,416.53,416.7,416.47,416.63],
[1318591380000,416.53,416.6,416.1,416.1],
[1318591440000,416.1,416.22,416,416.006],
[1318591500000,416,416.342,415.92,416.312],
[1318591560000,416.284,416.55,416.26,416.3],
[1318591620000,416.29,416.309,415.67,415.94],
[1318591680000,415.93,416.13,415.68,415.9815],
[1318591740000,415.99,416.04,415.66,415.86],
[1318591800000,415.87,416.15,415.76,415.99],
[1318591860000,415.95,416.23,415.72,415.956],
[1318591920000,415.84,416.03,415.8296,415.87],
[1318591980000,415.8741,415.97,415.72,415.888],
[1318592040000,415.8799,415.95,415.77,415.77],
[1318592100000,415.85,415.89,415.591,415.69],
[1318592160000,415.617,415.78,415.6,415.72],
[1318592220000,415.71,415.95,415.67,415.94],
[1318592280000,415.95,415.97,415.72,415.7452],
[1318592340000,415.73,415.89,415.72,415.72],
[1318592400000,415.782,416,415.73,415.96],
[1318592460000,415.9799,415.9799,415.806,415.95],
[1318592520000,415.95,415.98,415.858,415.91],
[1318592580000,415.87,416.08,415.72,415.98],
[1318592640000,415.98,415.98,415.62,415.76],
[1318592700000,415.78,415.98,415.78,415.96],
[1318592760000,415.96,416.14,415.9,416.04],
[1318592820000,416.05,416.27,415.98,416.166],
[1318592880000,416.18,416.32,416.05,416.32],
[1318592940000,416.29,416.302,416.04,416.04],
[1318593000000,416.0652,416.32,416.0412,416.22],
[1318593060000,416.2,416.25,416.03,416.064],
[1318593120000,416.11,416.27,416.08,416.26],
[1318593180000,416.25,416.31,416.15,416.26],
[1318593240000,416.25,416.38,416.15,416.208],
[1318593300000,416.285,416.35,416.16,416.35],
[1318593360000,416.2888,416.45,416.25,416.33],
[1318593420000,416.3999,416.3999,416.15,416.2],
[1318593480000,416.2,416.3,416.14,416.221],
[1318593540000,416.275,416.31,416.03,416.24],
[1318593600000,416.2,416.22,416.06,416.18],
[1318593660000,416.16,416.21,416.1,416.12],
[1318593720000,416.15,416.18,416,416.16],
[1318593780000,416.05,416.14,415.89,415.97],
[1318593840000,415.98,416.17,415.97,416.1238],
[1318593900000,416.11,416.2,415.98,415.98],
[1318593960000,415.98,416.03,415.9,415.95],
[1318594020000,415.99,416.11,415.93,416.03],
[1318594080000,416.03,416.22,416.03,416.22],
[1318594140000,416.23,416.29,416.15,416.21],
[1318594200000,416.26,416.35,416.14,416.3],
[1318594260000,416.3,416.4,416.15,416.35],
[1318594320000,416.3265,416.5,416.3265,416.38],
[1318594380000,416.41,416.49,416.28,416.28],
[1318594440000,416.26,416.29,416.11,416.18],
[1318594500000,416.17,416.27,416.11,416.121],
[1318594560000,416.1305,416.22,416.12,416.16],
[1318594620000,416.13,416.22,416.05,416.22],
[1318594680000,416.155,416.3,416.13,416.27],
[1318594740000,416.293,416.4,416.19,416.2499],
[1318594800000,416.242,416.39,416.151,416.36],
[1318594860000,416.38,416.5,416.35,416.355],
[1318594920000,416.39,416.68,416.35,416.68],
[1318594980000,416.66,416.72,416.59,416.6124],
[1318595040000,416.59,416.75,416.59,416.75],
[1318595100000,416.75,416.8,416.6587,416.78],
[1318595160000,416.782,416.8,416.35,416.44],
[1318595220000,416.4988,416.62,416.43,416.44],
[1318595280000,416.44,416.6,416.37,416.6],
[1318595340000,416.6,416.65,416.38,416.58],
[1318595400000,416.52,416.6288,416.45,416.54],
[1318595460000,416.58,416.81,416.58,416.81],
[1318595520000,416.82,417,416.767,416.95],
[1318595580000,416.99,417.02,416.92,417.02],
[1318595640000,417.02,417.12,416.88,417.01],
[1318595700000,416.98,417.13,416.971,417.13],
[1318595760000,417.11,417.13,416.98,417.1],
[1318595820000,417.11,417.17,417.05,417.07],
[1318595880000,417.026,417.3,417.026,417.29],
[1318595940000,417.3,417.46,417.284,417.31],
[1318596000000,417.35,417.54,417.31,417.3799],
[1318596060000,417.39,417.4398,417.3,417.4],
[1318596120000,417.42,417.46,417.35,417.39],
[1318596180000,417.41,417.48,417.41,417.45],
[1318596240000,417.45,417.55,417.2714,417.33],
[1318596300000,417.3,417.51,417.29,417.4224],
[1318596360000,417.45,417.5,417.32,417.42],
[1318596420000,417.41,417.4196,417.176,417.36],
[1318596480000,417.3333,417.41,417.28,417.35],
[1318596540000,417.29,417.37,417.25,417.2525],
[1318596600000,417.27,417.47,417.23,417.34],
[1318596660000,417.34,417.41,417.0817,417.09],
[1318596720000,417.092,417.25,417.08,417.19],
[1318596780000,417.13,417.26,417.06,417.236],
[1318596840000,417.2588,417.26,417.07,417.1],
[1318596900000,417.161,417.161,417,417],
[1318596960000,417.06,417.06,416.86,416.91],
[1318597020000,416.964,417.13,416.86,417.01],
[1318597080000,416.95,416.96,416.8,416.95],
[1318597140000,416.94,417.1,416.89,417.03],
[1318597200000,417.1,417.33,417.04,417.251],
[1318597260000,417.25,417.32,417.2,417.2893],
[1318597320000,417.3,417.33,417.194,417.27],
[1318597380000,417.28,417.4,417.24,417.339],
[1318597440000,417.322,417.58,417.28,417.48],
[1318597500000,417.48,417.54,417.34,417.5],
[1318597560000,417.527,417.64,417.44,417.6],
[1318597620000,417.58,417.74,417.52,417.68],
[1318597680000,417.67,417.859,417.64,417.79],
[1318597740000,417.805,417.91,417.74,417.8716],
[1318597800000,417.86,417.89,417.71,417.78],
[1318597860000,417.78,417.87,417.7,417.81],
[1318597920000,417.785,417.82,417.7,417.75],
[1318597980000,417.72,417.82,417.72,417.7915],
[1318598040000,417.81,417.95,417.79,417.9288],
[1318598100000,417.93,418.04,417.82,417.97],
[1318598160000,417.97,418.08,417.881,418.03],
[1318598220000,418.07,418.15,417.97,418.07],
[1318598280000,418.05,418.17,417.99,418.12],
[1318598340000,418.09,418.22,417.95,418.13],
[1318598400000,418.05,418.06,417.77,417.81],
[1318598460000,417.81,418.022,417.76,417.964],
[1318598520000,417.97,418.01,417.8,417.9326],
[1318598580000,417.9499,417.99,417.83,417.94],
[1318598640000,417.94,418.01,417.841,417.95],
[1318598700000,417.969,418,417.86,417.99],
[1318598760000,417.96,418,417.86,417.92],
[1318598820000,417.91,417.95,417.87,417.89],
[1318598880000,417.88,417.929,417.661,417.73],
[1318598940000,417.74,417.92,417.67,417.67],
[1318599000000,417.66,417.75,417.61,417.71],
[1318599060000,417.71,417.86,417.7,417.77],
[1318599120000,417.79,417.88,417.75,417.875],
[1318599180000,417.865,417.97,417.86,417.91],
[1318599240000,417.94,417.964,417.8,417.83],
[1318599300000,417.9,417.95,417.84,417.9032],
[1318599360000,417.9,417.95,417.86,417.86],
[1318599420000,417.88,417.89,417.71,417.849],
[1318599480000,417.87,417.9,417.75,417.75],
[1318599540000,417.78,417.88,417.7,417.76],
[1318599600000,417.78,417.79,417.7,417.73],
[1318599660000,417.772,417.84,417.76,417.84],
[1318599720000,417.829,417.94,417.77,417.86],
[1318599780000,417.887,417.94,417.76,417.92],
[1318599840000,417.938,418.16,417.9,418.12],
[1318599900000,418.13,418.3,418.11,418.2],
[1318599960000,418.229,418.38,418.19,418.38],
[1318600020000,418.33,418.48,418.26,418.43],
[1318600080000,418.367,418.53,418.34,418.47],
[1318600140000,418.4995,418.4995,418.3,418.34],
[1318600200000,418.34,418.4,418.23,418.26],
[1318600260000,418.31,418.35,418.23,418.307],
[1318600320000,418.31,418.32,418.18,418.32],
[1318600380000,418.34,418.5,418.29,418.5],
[1318600440000,418.41,418.55,418.36,418.51],
[1318600500000,418.52,418.8,418.52,418.7888],
[1318600560000,418.71,418.97,418.67,418.97],
[1318600620000,418.97,419.15,418.9,419.04],
[1318600680000,419.1,419.27,418.99,419.16],
[1318600740000,419.176,419.2274,419.05,419.115],
[1318600800000,419.1,419.18,418.94,419],
[1318600860000,418.99,419.25,418.92,419.238],
[1318600920000,419.2499,419.33,419.12,419.25],
[1318600980000,419.26,419.33,419.15,419.163],
[1318601040000,419.16,419.22,419.15,419.151],
[1318601100000,419.21,419.38,419.15,419.328],
[1318601160000,419.32,419.45,419.32,419.42],
[1318601220000,419.4108,419.57,419.39,419.538],
[1318601280000,419.53,419.57,419.43,419.48],
[1318601340000,419.471,419.512,419.41,419.42],
[1318601400000,419.42,419.45,419.28,419.36],
[1318601460000,419.39,419.39,419.08,419.08],
[1318601520000,419.14,419.24,419.05,419.159],
[1318601580000,419.16,419.24,419.1,419.13],
[1318601640000,419.12,419.122,418.88,418.931],
[1318601700000,418.92,419.05,418.78,418.79],
[1318601760000,418.7801,419.07,418.7801,419.03],
[1318601820000,419.06,419.28,419.05,419.28],
[1318601880000,419.27,419.36,419.23,419.3],
[1318601940000,419.33,419.479,419.27,419.458],
[1318602000000,419.43,419.49,419.4,419.44],
[1318602060000,419.43,419.54,419.3,419.54],
[1318602120000,419.52,419.71,419.47,419.67],
[1318602180000,419.6888,419.71,419.591,419.6],
[1318602240000,419.63,419.74,419.606,419.67],
[1318602300000,419.71,419.74,419.59,419.6],
[1318602360000,419.59,419.67,419.501,419.551],
[1318602420000,419.55,419.64,419.4,419.6],
[1318602480000,419.51,419.68,419.49,419.67],
[1318602540000,419.65,419.68,419.47,419.53],
[1318602600000,419.54,419.586,419.42,419.42],
[1318602660000,419.47,419.4901,419.27,419.4356],
[1318602720000,419.4317,419.444,419.25,419.4099],
[1318602780000,419.38,419.41,419.23,419.33],
[1318602840000,419.38,419.45,419.31,419.33],
[1318602900000,419.345,419.55,419.3,419.55],
[1318602960000,419.55,419.55,419.35,419.45],
[1318603020000,419.52,419.67,419.458,419.63],
[1318603080000,419.65,419.65,419.42,419.506],
[1318603140000,419.48,419.69,419.4385,419.6112],
[1318603200000,419.64,419.68,419.54,419.656],
[1318603260000,419.6,419.72,419.6,419.66],
[1318603320000,419.71,419.86,419.7,419.83],
[1318603380000,419.83,419.87,419.65,419.65],
[1318603440000,419.65,419.8643,419.6418,419.79],
[1318603500000,419.79,419.85,419.72,419.77],
[1318603560000,419.7524,419.87,419.74,419.79],
[1318603620000,419.74,419.85,419.74,419.83],
[1318603680000,419.83,419.8462,419.75,419.83],
[1318603740000,419.85,419.93,419.83,419.85],
[1318603800000,419.85,419.95,419.8,419.94],
[1318603860000,419.95,420,419.87,419.93],
[1318603920000,419.9,419.96,419.88,419.94],
[1318603980000,419.92,420,419.77,419.848],
[1318604040000,419.87,419.96,419.82,419.88],
[1318604100000,419.88,419.95,419.83,419.94],
[1318604160000,419.94,419.95,419.82,419.82],
[1318604220000,419.84,420.09,419.82,420.02],
[1318604280000,420.08,420.2,419.86,420.18],
[1318604340000,420.18,420.28,420.13,420.21],
[1318604400000,420.21,420.27,419.92,419.98],
[1318604460000,420.01,420.07,419.84,419.88],
[1318604520000,419.84,419.92,419.48,419.53],
[1318604580000,419.53,419.62,419.16,419.37],
[1318604640000,419.37,419.47,419.31,419.36],
[1318604700000,419.366,419.68,419.366,419.671],
[1318604760000,419.66,419.8,419.57,419.71],
[1318604820000,419.694,419.719,419.61,419.62],
[1318604880000,419.678,419.77,419.57,419.659],
[1318604940000,419.64,419.64,419.34,419.3912],
[1318605000000,419.4,419.55,419.1,419.101],
[1318605060000,419.12,419.28,419.1,419.12],
[1318605120000,419.17,419.36,419.12,419.275],
[1318605180000,419.23,419.49,419.2,419.476],
[1318605240000,419.46,419.5526,419.21,419.22],
[1318605300000,419.216,419.3,419.08,419.28],
[1318605360000,419.27,419.29,418.87,418.9],
[1318605420000,418.89,418.95,418.64,418.92],
[1318605480000,418.893,419.2,418.87,419.17],
[1318605540000,419.189,419.38,419.11,419.28],
[1318605600000,419.29,419.44,419.2,419.39],
[1318605660000,419.4199,419.5499,419.3,419.5324],
[1318605720000,419.5,419.55,419.39,419.41],
[1318605780000,419.43,419.55,419.32,419.44],
[1318605840000,419.4476,419.5,419.29,419.5],
[1318605900000,419.5,419.75,419.48,419.72],
[1318605960000,419.71,419.71,419.5,419.58],
[1318606020000,419.552,419.74,419.44,419.71],
[1318606080000,419.712,420.25,419.69,420.226],
[1318606140000,420.25,420.5,420.199,420.45],
[1318606200000,420.47,420.47,420,420.01],
[1318606260000,420.075,420.48,420.05,420.4412],
[1318606320000,420.44,420.77,420.39,420.4002],
[1318606380000,420.45,420.67,420.4,420.49],
[1318606440000,420.5,420.764,420.48,420.75],
[1318606500000,420.71,420.77,420.41,420.43],
[1318606560000,420.43,420.77,420.4,420.44],
[1318606620000,420.41,420.58,420.4,420.58],
[1318606680000,420.56,420.63,420.15,420.2],
[1318606740000,420.15,420.25,420,420.09],
[1318606800000,420.09,420.15,419.88,420.04],
[1318606860000,420.04,420.1,419.88,420.07],
[1318606920000,420.07,420.21,420.02,420.16],
[1318606980000,420.14,420.31,420.01,420.12],
[1318607040000,420.12,420.29,420.03,420.15],
[1318607100000,420.15,420.285,420.05,420.248],
[1318607160000,420.2588,420.38,420.11,420.2556],
[1318607220000,420.24,420.45,420.15,420.3601],
[1318607280000,420.4,420.43,420.15,420.24],
[1318607340000,420.26,420.319,420.05,420.12],
[1318607400000,420.13,420.23,420,420.05],
[1318607460000,420.05,420.29,420,420.27],
[1318607520000,420.258,420.35,420.17,420.21],
[1318607580000,420.2,420.35,420.18,420.28],
[1318607640000,420.3,420.6,420.29,420.5958],
[1318607700000,420.58,421.14,420.575,421.0975],
[1318607760000,421.07,421.49,420.7,421.46],
[1318607820000,421.4601,421.71,421.36,421.69],
[1318607880000,421.69,421.94,421.663,421.94],
[1318607940000,421.94,422,421.8241,422]
]);